1558
1239
315
1114
437
956
871
790
833
1152
147
506
589
388
1584
265
981
220
1183
102
1258
1019
1296
737
694
1495
612
453
1049
1450
531
47
1368
645
166
322
1323
1404
0
881
1518
1199
275
1074
397
916
831
750
793
1112
107
466
549
348
1544
225
941
180
1143
62
1218
979
1256
697
654
1455
572
413
1009
1410
491
7
1328
605
126
282
1283
1364
2040
841
1478
1159
235
1034
357
876
791
710
753
1072
67
426
509
308
1504
185
901
140
1103
22
1178
939
1216
657
614
1415
532
373
969
1370
451
2047
1288
565
86
242
1243
1324
2000
801
1438
1119
195
994
317
836
751
670
713
1032
27
386
469
268
1464
145
861
100
1063
2062
1138
899
1176
617
574
1375
492
333
929
1330
411
2007
1248
525
46
202
1203
1284
1960
761
1398
1079
155
954
277
796
711
630
673
992
2067
346
429
228
1424
105
821
60
1023
2022
1098
859
1136
577
534
1335
452
293
889
1290
371
1967
1208
485
6
162
1163
1244
1920
721
1358
1039
115
914
237
756
671
590
633
952
2027
306
389
188
1384
65
781
20
983
1982
1058
819
1096
537
494
1295
412
253
849
1250
331
1927
1168
445
2046
122
1123
1204
1880
681
1318
999
75
874
197
716
631
550
593
912
1987
266
349
148
1344
25
741
2060
943
1942
1018
779
1056
497
454
1255
372
213
809
1210
291
1887
1128
405
2006
82
1083
1164
1840
641
1278
959
35
834
157
676
591
510
553
872
1947
226
309
108
1304
2065
701
2020
903
1902
978
739
1016
457
414
1215
332
173
769
1170
251
1847
1088
365
1966
42
1043
1124
1800
601
1238
919
2075
794
117
636
551
470
513
832
1907
186
269
68
1264
2025
661
1980
863
1862
938
699
976
417
374
1175
292
133
729
1130
211
1807
1048
325
1926
2
1003
1084
1760
561
1198
879
2035
754
77
596
511
430
473
792
1867
146
229
28
1224
1985
621
1940
823
1822
898
659
936
377
334
1135
252
93
689
1090
171
1767
1008
285
1886
2042
963
1044
1720
521
1158
839
1995
714
37
556
471
390
433
752
1827
106
189
2068
1184
1945
581
1900
783
1782
858
619
896
337
294
1095
212
53
649
1050
131
1727
968
245
1846
2002
923
1004
1680
481
1118
799
1955
674
2077
516
431
350
393
712
1787
66
149
2028
1144
1905
541
1860
743
1742
818
579
856
297
254
1055
172
13
609
1010
91
1687
928
205
1806
1962
883
964
1640
441
1078
759
1915
634
2037
476
391
310
353
672
1747
26
109
1988
1104
1865
501
1820
703
1702
778
539
816
257
214
1015
132
2053
569
970
51
1647
888
165
1766
1922
843
924
1600
401
1038
719
1875
594
1997
436
351
270
313
632
1707
2066
69
1948
1064
1825
461
1780
663
1662
738
499
776
217
174
975
92
2013
529
930
11
1607
848
125
1726
1882
803
884
1560
361
998
679
1835
554
1957
396
311
230
273
592
1667
2026
29
1908
1024
1785
421
1740
623
1622
698
459
736
177
134
935
52
1973
489
890
2051
1567
808
85
1686
1842
763
844
1520
321
958
639
1795
514
1917
356
271
190
233
552
1627
1986
2069
1868
984
1745
381
1700
583
1582
658
419
696
137
94
895
12
1933
449
850
2011
1527
768
45
1646
1802
723
804
1480
281
918
599
1755
474
1877
316
231
150
193
512
1587
1946
2029
1828
944
1705
341
1660
543
1542
618
379
656
97
54
855
2052
1893
409
810
1971
1487
728
5
1606
1762
683
764
1440
241
878
559
1715
434
1837
276
191
110
153
472
1547
1906
1989
1788
904
1665
301
1620
503
1502
578
339
616
57
14
815
2012
1853
369
770
1931
1447
688
2045
1566
1722
643
724
1400
201
838
519
1675
394
1797
236
151
70
113
432
1507
1866
1949
1748
864
1625
261
1580
463
1462
538
299
576
17
2054
775
1972
1813
329
730
1891
1407
648
2005
1526
1682
603
684
1360
161
798
479
1635
354
1757
196
111
30
73
392
1467
1826
1909
1708
824
1585
221
1540
423
1422
498
259
536
2057
2014
735
1932
1773
289
690
1851
1367
608
1965
1486
1642
563
644
1320
121
758
439
1595
314
1717
156
71
2070
33
352
1427
1786
1869
1668
784
1545
181
1500
383
1382
458
219
496
2017
1974
695
1892
1733
249
650
1811
1327
568
1925
1446
1602
523
604
1280
81
718
399
1555
274
1677
116
31
2030
2073
312
1387
1746
1829
1628
744
1505
141
1460
343
1342
418
179
456
1977
1934
655
1852
1693
209
610
1771
1287
528
1885
1406
1562
483
564
1240
41
678
359
1515
234
1637
76
2071
1990
2033
272
1347
1706
1789
1588
704
1465
101
1420
303
1302
378
139
416
1937
1894
615
1812
1653
169
570
1731
1247
488
1845
1366
1522
443
524
1200
1
638
319
1475
194
1597
36
2031
1950
1993
232
1307
1666
1749
1548
664
1425
61
1380
263
1262
338
99
376
1897
1854
575
1772
1613
129
530
1691
1207
448
1805
1326
1482
403
484
1160
2041
598
279
1435
154
1557
2076
1991
1910
1953
192
1267
1626
1709
1508
624
1385
21
1340
223
1222
298
59
336
1857
1814
535
1732
1573
89
490
1651
1167
408
1765
1286
1442
363
444
1120
2001
558
239
1395
114
1517
2036
1951
1870
1913
152
1227
1586
1669
1468
584
1345
2061
1300
183
1182
258
19
296
1817
1774
495
1692
1533
49
450
1611
1127
368
1725
1246
1402
323
404
1080
1961
518
199
1355
74
1477
1996
1911
1830
1873
112
1187
1546
1629
1428
544
1305
2021
1260
143
1142
218
2059
256
1777
1734
455
1652
1493
9
410
1571
1087
328
1685
1206
1362
283
364
1040
1921
478
159
1315
34
1437
1956
1871
1790
1833
72
1147
1506
1589
1388
504
1265
1981
1220
103
1102
178
2019
216
1737
1694
415
1612
1453
2049
370
1531
1047
288
1645
1166
1322
243
324
1000
1881
438
119
1275
2074
1397
1916
1831
1750
1793
32
1107
1466
1549
1348
464
1225
1941
1180
63
1062
138
1979
176
1697
1654
375
1572
1413
2009
330
1491
1007
248
1605
1126
1282
203
284
960
1841
398
79
1235
2034
1357
1876
1791
1710
1753
2072
1067
1426
1509
1308
424
1185
1901
1140
23
1022
98
1939
136
1657
1614
335
1532
1373
1969
290
1451
967
208
1565
1086
1242
163
244
920
1801
358
39
1195
1994
1317
1836
1751
1670
1713
2032
1027
1386
1469
1268
384
1145
1861
1100
2063
982
58
1899
96
1617
1574
295
1492
1333
1929
250
1411
927
168
1525
1046
1202
123
204
880
1761
318
2079
1155
1954
1277
1796
1711
1630
1673
1992
987
1346
1429
1228
344
1105
1821
1060
2023
942
18
1859
56
1577
1534
255
1452
1293
1889
210
1371
887
128
1485
1006
1162
83
164
840
1721
278
2039
1115
1914
1237
1756
1671
1590
1633
1952
947
1306
1389
1188
304
1065
1781
1020
1983
902
2058
1819
16
1537
1494
215
1412
1253
1849
170
1331
847
88
1445
966
1122
43
124
800
1681
238
1999
1075
1874
1197
1716
1631
1550
1593
1912
907
1266
1349
1148
264
1025
1741
980
1943
862
2018
1779
2056
1497
1454
175
1372
1213
1809
130
1291
807
48
1405
926
1082
3
84
760
1641
198
1959
1035
1834
1157
1676
1591
1510
1553
1872
867
1226
1309
1108
224
985
1701
940
1903
822
1978
1739
2016
1457
1414
135
1332
1173
1769
90
1251
767
8
1365
886
1042
2043
44
720
1601
158
1919
995
1794
1117
1636
1551
1470
1513
1832
827
1186
1269
1068
184
945
1661
900
1863
782
1938
1699
1976
1417
1374
95
1292
1133
1729
50
1211
727
2048
1325
846
1002
2003
4
680
1561
118
1879
955
1754
1077
1596
1511
1430
1473
1792
787
1146
1229
1028
144
905
1621
860
1823
742
1898
1659
1936
1377
1334
55
1252
1093
1689
10
1171
687
2008
1285
806
962
1963
2044
640
1521
78
1839
915
1714
1037
1556
1471
1390
1433
1752
747
1106
1189
988
104
865
1581
820
1783
702
1858
1619
1896
1337
1294
15
1212
1053
1649
2050
1131
647
1968
1245
766
922
1923
2004
600
1481
38
1799
875
1674
997
1516
1431
1350
1393
1712
707
1066
1149
948
64
825
1541
780
1743
662
1818
1579
1856
1297
1254
2055
1172
1013
1609
2010
1091
607
1928
1205
726
882
1883
1964
560
1441
2078
1759
835
1634
957
1476
1391
1310
1353
1672
667
1026
1109
908
24
785
1501
740
1703
622
1778
1539
1816
1257
1214
2015
1132
973
1569
1970
1051
567
1888
1165
686
842
1843
1924
520
1401
2038
1719
795
1594
917
1436
1351
1270
1313
1632
627
986
1069
868
2064
745
1461
700
1663
582
1738
1499
1776
1217
1174
1975
1092
933
1529
1930
1011
527
1848
1125
646
802
1803
1884
480
1361
1998
1679
755
1554
877
1396
1311
1230
1273
1592
587
946
1029
828
2024
705
1421
660
1623
542
1698
1459
1736
1177
1134
1935
1052
893
1489
1890
971
487
1808
1085
606
762
1763
1844
440
1321
1958
1639
715
1514
837
1356
1271
1190
1233
1552
547
906
989
788
1984
665
1381
620
1583
502
1658
1419
1696
1137
1094
1895
1012
853
1449
1850
931
447
1768
1045
566
722
1723
1804
400
1281
1918
1599
675
1474
797
1316
1231
1150
1193
1512
507
866
949
748
1944
625
1341
580
1543
462
1618
1379
1656
1097
1054
1855
972
813
1409
1810
891
407
1728
1005
526
682
1683
1764
360
1241
1878
1559
635
1434
757
1276
1191
1110
1153
1472
467
826
909
708
1904
585
1301
540
1503
422
1578
1339
1616
1057
1014
1815
932
773
1369
1770
851
367
1688
965
486
642
1643
1724
320
1201
1838
1519
595
1394
717
1236
1151
1070
1113
1432
427
786
869
668
1864
545
1261
500
1463
382
1538
1299
1576
1017
974
1775
892
733
1329
1730
811
327
1648
925
446
602
1603
1684
280
1161
1798
1479
555
1354
677
1196
1111
1030
1073
1392
387
746
829
628
1824
505
1221
460
1423
342
1498
1259
1536
977
934
1735
852
693
1289
1690
771
287
1608
885
406
562
1563
1644
240
1121
1758
1439
515
1314
637
1156
1071
990
1033
1352
347
706
789
588
1784
465
1181
420
1383
302
1458
1219
1496
937
894
1695
812
653
1249
1650
731
247
1568
845
366
522
1523
1604
200
1081
1718
1399
475
1274
597
1116
1031
950
993
1312
307
666
749
548
1744
425
1141
380
1343
262
1418
1179
1456
897
854
1655
772
613
1209
1610
691
207
1528
805
326
482
1483
1564
160
1041
1678
1359
435
1234
557
1076
991
910
953
1272
267
626
709
508
1704
385
1101
340
1303
222
1378
1139
1416
857
814
1615
732
573
1169
1570
651
167
1488
765
286
442
1443
1524
120
1001
1638
1319
395
1194
517
1036
951
870
913
1232
227
586
669
468
1664
345
1061
300
1263
182
1338
1099
1376
817
774
1575
692
533
1129
1530
611
127
1448
725
246
402
1403
1484
80
961
1598
1279
355
1154
477
996
911
830
873
1192
187
546
629
428
1624
305
1021
260
1223
142
1298
1059
1336
777
734
1535
652
493
1089
1490
571
87
1408
685
206
362
1363
1444
40
921